38 319
1 128
1 128

1 1 0 128 INV
1 1 1 129 INV
1 1 2 130 INV
1 1 3 131 INV
1 1 4 132 INV
1 1 5 133 INV
1 1 6 134 INV
1 1 7 135 INV
1 1 8 136 INV
1 1 9 137 INV
1 1 10 138 INV
1 1 11 139 INV
1 1 12 140 INV
1 1 13 141 INV
1 1 14 142 INV
1 1 15 143 INV
1 1 16 144 INV
1 1 17 145 INV
1 1 18 146 INV
1 1 19 147 INV
1 1 20 148 INV
1 1 21 149 INV
1 1 22 150 INV
1 1 23 151 INV
1 1 24 152 INV
1 1 25 153 INV
1 1 26 154 INV
1 1 27 155 INV
1 1 28 156 INV
1 1 29 157 INV
1 1 30 158 INV
1 1 31 159 INV
32 16 128 129 130 131 132 133 134 135 136 137 138 139 140 141 142 143 144 145 146 147 148 149 150 151 152 153 154 155 156 157 158 159 160 161 162 163 164 165 166 167 168 169 170 171 172 173 174 175 MAND
16 8 160 161 162 163 164 165 166 167 168 169 170 171 172 173 174 175 176 177 178 179 180 181 182 183 MAND
8 4 176 177 178 179 180 181 182 183 184 185 186 187 MAND
4 2 184 185 186 187 188 189 MAND
2 1 188 189 190 MAND
2 1 6 190 191 XOR
