103 384
1 128
1 128

1 1 0 128 INV
1 1 1 129 INV
1 1 2 130 INV
1 1 3 131 INV
1 1 4 132 INV
1 1 5 133 INV
1 1 6 134 INV
1 1 7 135 INV
1 1 8 136 INV
1 1 9 137 INV
1 1 10 138 INV
1 1 11 139 INV
1 1 12 140 INV
1 1 13 141 INV
1 1 14 142 INV
1 1 15 143 INV
1 1 16 144 INV
1 1 17 145 INV
1 1 18 146 INV
1 1 19 147 INV
1 1 20 148 INV
1 1 21 149 INV
1 1 22 150 INV
1 1 23 151 INV
1 1 24 152 INV
1 1 25 153 INV
1 1 26 154 INV
1 1 27 155 INV
1 1 28 156 INV
1 1 29 157 INV
1 1 30 158 INV
1 1 31 159 INV
32 16 128 129 130 131 132 133 134 135 136 137 138 139 140 141 142 143 144 145 146 147 148 149 150 151 152 153 154 155 156 157 158 159 160 161 162 163 164 165 166 167 168 169 170 171 172 173 174 175 MAND
16 8 160 161 162 163 164 165 166 167 168 169 170 171 172 173 174 175 176 177 178 179 180 181 182 183 MAND
8 4 176 177 178 179 180 181 182 183 184 185 186 187 MAND
4 2 184 185 186 187 188 189 MAND
2 1 188 189 190 MAND
2 1 13 190 191 XOR
2 1 32 0 192 XOR
2 1 33 1 193 XOR
2 1 34 2 194 XOR
2 1 35 3 195 XOR
2 1 36 4 196 XOR
2 1 37 5 197 XOR
2 1 38 6 198 XOR
2 1 39 7 199 XOR
2 1 40 8 200 XOR
2 1 41 9 201 XOR
2 1 42 10 202 XOR
2 1 43 11 203 XOR
2 1 44 12 204 XOR
2 1 45 13 205 XOR
2 1 46 14 206 XOR
2 1 47 15 207 XOR
2 1 48 16 208 XOR
2 1 49 17 209 XOR
2 1 50 18 210 XOR
2 1 51 19 211 XOR
2 1 52 20 212 XOR
2 1 53 21 213 XOR
2 1 54 22 214 XOR
2 1 55 23 215 XOR
2 1 56 24 216 XOR
2 1 57 25 217 XOR
2 1 58 26 218 XOR
2 1 59 27 219 XOR
2 1 60 28 220 XOR
2 1 61 29 221 XOR
2 1 62 30 222 XOR
2 1 63 31 223 XOR
64 32 192 193 194 195 196 197 198 199 200 201 202 203 204 205 206 207 208 209 210 211 212 213 214 215 216 217 218 219 220 221 222 223 191 191 191 191 191 191 191 191 191 191 191 191 191 191 191 191 191 191 191 191 191 191 191 191 191 191 191 191 191 191 191 191 224 225 226 227 228 229 230 231 232 233 234 235 236 237 238 239 240 241 242 243 244 245 246 247 248 249 250 251 252 253 254 255 MAND
2 1 224 0 256 XOR
2 1 225 1 257 XOR
2 1 226 2 258 XOR
2 1 227 3 259 XOR
2 1 228 4 260 XOR
2 1 229 5 261 XOR
2 1 230 6 262 XOR
2 1 231 7 263 XOR
2 1 232 8 264 XOR
2 1 233 9 265 XOR
2 1 234 10 266 XOR
2 1 235 11 267 XOR
2 1 236 12 268 XOR
2 1 237 13 269 XOR
2 1 238 14 270 XOR
2 1 239 15 271 XOR
2 1 240 16 272 XOR
2 1 241 17 273 XOR
2 1 242 18 274 XOR
2 1 243 19 275 XOR
2 1 244 20 276 XOR
2 1 245 21 277 XOR
2 1 246 22 278 XOR
2 1 247 23 279 XOR
2 1 248 24 280 XOR
2 1 249 25 281 XOR
2 1 250 26 282 XOR
2 1 251 27 283 XOR
2 1 252 28 284 XOR
2 1 253 29 285 XOR
2 1 254 30 286 XOR
2 1 255 31 287 XOR
