767 1374
4 128 128 128 128
1 128

2 1 32 160 512 XOR
2 1 33 161 513 XOR
2 1 34 162 514 XOR
2 1 35 163 515 XOR
2 1 36 164 516 XOR
2 1 37 165 517 XOR
2 1 38 166 518 XOR
2 1 39 167 519 XOR
2 1 40 168 520 XOR
2 1 41 169 521 XOR
2 1 42 170 522 XOR
2 1 43 171 523 XOR
2 1 44 172 524 XOR
2 1 45 173 525 XOR
2 1 46 174 526 XOR
2 1 47 175 527 XOR
2 1 48 176 528 XOR
2 1 49 177 529 XOR
2 1 50 178 530 XOR
2 1 51 179 531 XOR
2 1 52 180 532 XOR
2 1 53 181 533 XOR
2 1 54 182 534 XOR
2 1 55 183 535 XOR
2 1 56 184 536 XOR
2 1 57 185 537 XOR
2 1 58 186 538 XOR
2 1 59 187 539 XOR
2 1 60 188 540 XOR
2 1 61 189 541 XOR
2 1 62 190 542 XOR
2 1 63 191 543 XOR
2 1 64 192 544 XOR
2 1 65 193 545 XOR
2 1 66 194 546 XOR
2 1 67 195 547 XOR
2 1 68 196 548 XOR
2 1 69 197 549 XOR
2 1 70 198 550 XOR
2 1 71 199 551 XOR
2 1 72 200 552 XOR
2 1 73 201 553 XOR
2 1 74 202 554 XOR
2 1 75 203 555 XOR
2 1 76 204 556 XOR
2 1 77 205 557 XOR
2 1 78 206 558 XOR
2 1 79 207 559 XOR
2 1 80 208 560 XOR
2 1 81 209 561 XOR
2 1 82 210 562 XOR
2 1 83 211 563 XOR
2 1 84 212 564 XOR
2 1 85 213 565 XOR
2 1 86 214 566 XOR
2 1 87 215 567 XOR
2 1 88 216 568 XOR
2 1 89 217 569 XOR
2 1 90 218 570 XOR
2 1 91 219 571 XOR
2 1 92 220 572 XOR
2 1 93 221 573 XOR
2 1 94 222 574 XOR
2 1 95 223 575 XOR
2 1 96 224 576 XOR
2 1 97 225 577 XOR
2 1 98 226 578 XOR
2 1 99 227 579 XOR
2 1 100 228 580 XOR
2 1 101 229 581 XOR
2 1 102 230 582 XOR
2 1 103 231 583 XOR
2 1 104 232 584 XOR
2 1 105 233 585 XOR
2 1 106 234 586 XOR
2 1 107 235 587 XOR
2 1 108 236 588 XOR
2 1 109 237 589 XOR
2 1 110 238 590 XOR
2 1 111 239 591 XOR
2 1 112 240 592 XOR
2 1 113 241 593 XOR
2 1 114 242 594 XOR
2 1 115 243 595 XOR
2 1 116 244 596 XOR
2 1 117 245 597 XOR
2 1 118 246 598 XOR
2 1 119 247 599 XOR
2 1 120 248 600 XOR
2 1 121 249 601 XOR
2 1 122 250 602 XOR
2 1 123 251 603 XOR
2 1 124 252 604 XOR
2 1 125 253 605 XOR
2 1 126 254 606 XOR
2 1 127 255 607 XOR
2 1 32 288 608 XOR
2 1 33 289 609 XOR
2 1 34 290 610 XOR
2 1 35 291 611 XOR
2 1 36 292 612 XOR
2 1 37 293 613 XOR
2 1 38 294 614 XOR
2 1 39 295 615 XOR
2 1 40 296 616 XOR
2 1 41 297 617 XOR
2 1 42 298 618 XOR
2 1 43 299 619 XOR
2 1 44 300 620 XOR
2 1 45 301 621 XOR
2 1 46 302 622 XOR
2 1 47 303 623 XOR
2 1 48 304 624 XOR
2 1 49 305 625 XOR
2 1 50 306 626 XOR
2 1 51 307 627 XOR
2 1 52 308 628 XOR
2 1 53 309 629 XOR
2 1 54 310 630 XOR
2 1 55 311 631 XOR
2 1 56 312 632 XOR
2 1 57 313 633 XOR
2 1 58 314 634 XOR
2 1 59 315 635 XOR
2 1 60 316 636 XOR
2 1 61 317 637 XOR
2 1 62 318 638 XOR
2 1 63 319 639 XOR
2 1 64 320 640 XOR
2 1 65 321 641 XOR
2 1 66 322 642 XOR
2 1 67 323 643 XOR
2 1 68 324 644 XOR
2 1 69 325 645 XOR
2 1 70 326 646 XOR
2 1 71 327 647 XOR
2 1 72 328 648 XOR
2 1 73 329 649 XOR
2 1 74 330 650 XOR
2 1 75 331 651 XOR
2 1 76 332 652 XOR
2 1 77 333 653 XOR
2 1 78 334 654 XOR
2 1 79 335 655 XOR
2 1 80 336 656 XOR
2 1 81 337 657 XOR
2 1 82 338 658 XOR
2 1 83 339 659 XOR
2 1 84 340 660 XOR
2 1 85 341 661 XOR
2 1 86 342 662 XOR
2 1 87 343 663 XOR
2 1 88 344 664 XOR
2 1 89 345 665 XOR
2 1 90 346 666 XOR
2 1 91 347 667 XOR
2 1 92 348 668 XOR
2 1 93 349 669 XOR
2 1 94 350 670 XOR
2 1 95 351 671 XOR
2 1 96 352 672 XOR
2 1 97 353 673 XOR
2 1 98 354 674 XOR
2 1 99 355 675 XOR
2 1 100 356 676 XOR
2 1 101 357 677 XOR
2 1 102 358 678 XOR
2 1 103 359 679 XOR
2 1 104 360 680 XOR
2 1 105 361 681 XOR
2 1 106 362 682 XOR
2 1 107 363 683 XOR
2 1 108 364 684 XOR
2 1 109 365 685 XOR
2 1 110 366 686 XOR
2 1 111 367 687 XOR
2 1 112 368 688 XOR
2 1 113 369 689 XOR
2 1 114 370 690 XOR
2 1 115 371 691 XOR
2 1 116 372 692 XOR
2 1 117 373 693 XOR
2 1 118 374 694 XOR
2 1 119 375 695 XOR
2 1 120 376 696 XOR
2 1 121 377 697 XOR
2 1 122 378 698 XOR
2 1 123 379 699 XOR
2 1 124 380 700 XOR
2 1 125 381 701 XOR
2 1 126 382 702 XOR
2 1 127 383 703 XOR
1 1 512 704 INV
1 1 513 705 INV
1 1 514 706 INV
1 1 515 707 INV
1 1 516 708 INV
1 1 517 709 INV
1 1 518 710 INV
1 1 519 711 INV
1 1 520 712 INV
1 1 521 713 INV
1 1 522 714 INV
1 1 523 715 INV
1 1 524 716 INV
1 1 525 717 INV
1 1 526 718 INV
1 1 527 719 INV
1 1 528 720 INV
1 1 529 721 INV
1 1 530 722 INV
1 1 531 723 INV
1 1 532 724 INV
1 1 533 725 INV
1 1 534 726 INV
1 1 535 727 INV
1 1 536 728 INV
1 1 537 729 INV
1 1 538 730 INV
1 1 539 731 INV
1 1 540 732 INV
1 1 541 733 INV
1 1 542 734 INV
1 1 543 735 INV
1 1 544 736 INV
1 1 545 737 INV
1 1 546 738 INV
1 1 547 739 INV
1 1 548 740 INV
1 1 549 741 INV
1 1 550 742 INV
1 1 551 743 INV
1 1 552 744 INV
1 1 553 745 INV
1 1 554 746 INV
1 1 555 747 INV
1 1 556 748 INV
1 1 557 749 INV
1 1 558 750 INV
1 1 559 751 INV
1 1 560 752 INV
1 1 561 753 INV
1 1 562 754 INV
1 1 563 755 INV
1 1 564 756 INV
1 1 565 757 INV
1 1 566 758 INV
1 1 567 759 INV
1 1 568 760 INV
1 1 569 761 INV
1 1 570 762 INV
1 1 571 763 INV
1 1 572 764 INV
1 1 573 765 INV
1 1 574 766 INV
1 1 575 767 INV
1 1 576 768 INV
1 1 577 769 INV
1 1 578 770 INV
1 1 579 771 INV
1 1 580 772 INV
1 1 581 773 INV
1 1 582 774 INV
1 1 583 775 INV
1 1 584 776 INV
1 1 585 777 INV
1 1 586 778 INV
1 1 587 779 INV
1 1 588 780 INV
1 1 589 781 INV
1 1 590 782 INV
1 1 591 783 INV
1 1 592 784 INV
1 1 593 785 INV
1 1 594 786 INV
1 1 595 787 INV
1 1 596 788 INV
1 1 597 789 INV
1 1 598 790 INV
1 1 599 791 INV
1 1 600 792 INV
1 1 601 793 INV
1 1 602 794 INV
1 1 603 795 INV
1 1 604 796 INV
1 1 605 797 INV
1 1 606 798 INV
1 1 607 799 INV
1 1 608 800 INV
1 1 609 801 INV
1 1 610 802 INV
1 1 611 803 INV
1 1 612 804 INV
1 1 613 805 INV
1 1 614 806 INV
1 1 615 807 INV
1 1 616 808 INV
1 1 617 809 INV
1 1 618 810 INV
1 1 619 811 INV
1 1 620 812 INV
1 1 621 813 INV
1 1 622 814 INV
1 1 623 815 INV
1 1 624 816 INV
1 1 625 817 INV
1 1 626 818 INV
1 1 627 819 INV
1 1 628 820 INV
1 1 629 821 INV
1 1 630 822 INV
1 1 631 823 INV
1 1 632 824 INV
1 1 633 825 INV
1 1 634 826 INV
1 1 635 827 INV
1 1 636 828 INV
1 1 637 829 INV
1 1 638 830 INV
1 1 639 831 INV
1 1 640 832 INV
1 1 641 833 INV
1 1 642 834 INV
1 1 643 835 INV
1 1 644 836 INV
1 1 645 837 INV
1 1 646 838 INV
1 1 647 839 INV
1 1 648 840 INV
1 1 649 841 INV
1 1 650 842 INV
1 1 651 843 INV
1 1 652 844 INV
1 1 653 845 INV
1 1 654 846 INV
1 1 655 847 INV
1 1 656 848 INV
1 1 657 849 INV
1 1 658 850 INV
1 1 659 851 INV
1 1 660 852 INV
1 1 661 853 INV
1 1 662 854 INV
1 1 663 855 INV
1 1 664 856 INV
1 1 665 857 INV
1 1 666 858 INV
1 1 667 859 INV
1 1 668 860 INV
1 1 669 861 INV
1 1 670 862 INV
1 1 671 863 INV
1 1 672 864 INV
1 1 673 865 INV
1 1 674 866 INV
1 1 675 867 INV
1 1 676 868 INV
1 1 677 869 INV
1 1 678 870 INV
1 1 679 871 INV
1 1 680 872 INV
1 1 681 873 INV
1 1 682 874 INV
1 1 683 875 INV
1 1 684 876 INV
1 1 685 877 INV
1 1 686 878 INV
1 1 687 879 INV
1 1 688 880 INV
1 1 689 881 INV
1 1 690 882 INV
1 1 691 883 INV
1 1 692 884 INV
1 1 693 885 INV
1 1 694 886 INV
1 1 695 887 INV
1 1 696 888 INV
1 1 697 889 INV
1 1 698 890 INV
1 1 699 891 INV
1 1 700 892 INV
1 1 701 893 INV
1 1 702 894 INV
1 1 703 895 INV
2 1 705 706 896 AND
2 1 704 896 897 AND
2 1 708 709 898 AND
2 1 707 898 899 AND
2 1 897 899 900 AND
2 1 711 712 901 AND
2 1 710 901 902 AND
2 1 714 715 903 AND
2 1 713 903 904 AND
2 1 902 904 905 AND
2 1 900 905 906 AND
2 1 717 718 907 AND
2 1 716 907 908 AND
2 1 720 721 909 AND
2 1 719 909 910 AND
2 1 908 910 911 AND
2 1 723 724 912 AND
2 1 722 912 913 AND
2 1 726 727 914 AND
2 1 725 914 915 AND
2 1 913 915 916 AND
2 1 911 916 917 AND
2 1 906 917 918 AND
2 1 729 730 919 AND
2 1 728 919 920 AND
2 1 732 733 921 AND
2 1 731 921 922 AND
2 1 920 922 923 AND
2 1 735 736 924 AND
2 1 734 924 925 AND
2 1 738 739 926 AND
2 1 737 926 927 AND
2 1 925 927 928 AND
2 1 923 928 929 AND
2 1 741 742 930 AND
2 1 740 930 931 AND
2 1 744 745 932 AND
2 1 743 932 933 AND
2 1 931 933 934 AND
2 1 747 748 935 AND
2 1 746 935 936 AND
2 1 750 751 937 AND
2 1 749 937 938 AND
2 1 936 938 939 AND
2 1 934 939 940 AND
2 1 929 940 941 AND
2 1 918 941 942 AND
2 1 753 754 943 AND
2 1 752 943 944 AND
2 1 756 757 945 AND
2 1 755 945 946 AND
2 1 944 946 947 AND
2 1 759 760 948 AND
2 1 758 948 949 AND
2 1 762 763 950 AND
2 1 761 950 951 AND
2 1 949 951 952 AND
2 1 947 952 953 AND
2 1 765 766 954 AND
2 1 764 954 955 AND
2 1 768 769 956 AND
2 1 767 956 957 AND
2 1 955 957 958 AND
2 1 771 772 959 AND
2 1 770 959 960 AND
2 1 774 775 961 AND
2 1 773 961 962 AND
2 1 960 962 963 AND
2 1 958 963 964 AND
2 1 953 964 965 AND
2 1 777 778 966 AND
2 1 776 966 967 AND
2 1 780 781 968 AND
2 1 779 968 969 AND
2 1 967 969 970 AND
2 1 783 784 971 AND
2 1 782 971 972 AND
2 1 786 787 973 AND
2 1 785 973 974 AND
2 1 972 974 975 AND
2 1 970 975 976 AND
2 1 789 790 977 AND
2 1 788 977 978 AND
2 1 792 793 979 AND
2 1 791 979 980 AND
2 1 978 980 981 AND
2 1 795 796 982 AND
2 1 794 982 983 AND
2 1 798 799 984 AND
2 1 797 984 985 AND
2 1 983 985 986 AND
2 1 981 986 987 AND
2 1 976 987 988 AND
2 1 965 988 989 AND
2 1 942 989 990 AND
2 1 801 802 991 AND
2 1 800 991 992 AND
2 1 804 805 993 AND
2 1 803 993 994 AND
2 1 992 994 995 AND
2 1 807 808 996 AND
2 1 806 996 997 AND
2 1 810 811 998 AND
2 1 809 998 999 AND
2 1 997 999 1000 AND
2 1 995 1000 1001 AND
2 1 813 814 1002 AND
2 1 812 1002 1003 AND
2 1 816 817 1004 AND
2 1 815 1004 1005 AND
2 1 1003 1005 1006 AND
2 1 819 820 1007 AND
2 1 818 1007 1008 AND
2 1 822 823 1009 AND
2 1 821 1009 1010 AND
2 1 1008 1010 1011 AND
2 1 1006 1011 1012 AND
2 1 1001 1012 1013 AND
2 1 825 826 1014 AND
2 1 824 1014 1015 AND
2 1 828 829 1016 AND
2 1 827 1016 1017 AND
2 1 1015 1017 1018 AND
2 1 831 832 1019 AND
2 1 830 1019 1020 AND
2 1 834 835 1021 AND
2 1 833 1021 1022 AND
2 1 1020 1022 1023 AND
2 1 1018 1023 1024 AND
2 1 837 838 1025 AND
2 1 836 1025 1026 AND
2 1 840 841 1027 AND
2 1 839 1027 1028 AND
2 1 1026 1028 1029 AND
2 1 843 844 1030 AND
2 1 842 1030 1031 AND
2 1 846 847 1032 AND
2 1 845 1032 1033 AND
2 1 1031 1033 1034 AND
2 1 1029 1034 1035 AND
2 1 1024 1035 1036 AND
2 1 1013 1036 1037 AND
2 1 849 850 1038 AND
2 1 848 1038 1039 AND
2 1 852 853 1040 AND
2 1 851 1040 1041 AND
2 1 1039 1041 1042 AND
2 1 855 856 1043 AND
2 1 854 1043 1044 AND
2 1 858 859 1045 AND
2 1 857 1045 1046 AND
2 1 1044 1046 1047 AND
2 1 1042 1047 1048 AND
2 1 861 862 1049 AND
2 1 860 1049 1050 AND
2 1 864 865 1051 AND
2 1 863 1051 1052 AND
2 1 1050 1052 1053 AND
2 1 867 868 1054 AND
2 1 866 1054 1055 AND
2 1 870 871 1056 AND
2 1 869 1056 1057 AND
2 1 1055 1057 1058 AND
2 1 1053 1058 1059 AND
2 1 1048 1059 1060 AND
2 1 873 874 1061 AND
2 1 872 1061 1062 AND
2 1 876 877 1063 AND
2 1 875 1063 1064 AND
2 1 1062 1064 1065 AND
2 1 879 880 1066 AND
2 1 878 1066 1067 AND
2 1 882 883 1068 AND
2 1 881 1068 1069 AND
2 1 1067 1069 1070 AND
2 1 1065 1070 1071 AND
2 1 885 886 1072 AND
2 1 884 1072 1073 AND
2 1 888 889 1074 AND
2 1 887 1074 1075 AND
2 1 1073 1075 1076 AND
2 1 891 892 1077 AND
2 1 890 1077 1078 AND
2 1 894 895 1079 AND
2 1 893 1079 1080 AND
2 1 1078 1080 1081 AND
2 1 1076 1081 1082 AND
2 1 1071 1082 1083 AND
2 1 1060 1083 1084 AND
2 1 1037 1084 1085 AND
2 1 256 384 1086 XOR
2 1 257 385 1087 XOR
2 1 258 386 1088 XOR
2 1 259 387 1089 XOR
2 1 260 388 1090 XOR
2 1 261 389 1091 XOR
2 1 262 390 1092 XOR
2 1 263 391 1093 XOR
2 1 264 392 1094 XOR
2 1 265 393 1095 XOR
2 1 266 394 1096 XOR
2 1 267 395 1097 XOR
2 1 268 396 1098 XOR
2 1 269 397 1099 XOR
2 1 270 398 1100 XOR
2 1 271 399 1101 XOR
2 1 272 400 1102 XOR
2 1 273 401 1103 XOR
2 1 274 402 1104 XOR
2 1 275 403 1105 XOR
2 1 276 404 1106 XOR
2 1 277 405 1107 XOR
2 1 278 406 1108 XOR
2 1 279 407 1109 XOR
2 1 280 408 1110 XOR
2 1 281 409 1111 XOR
2 1 282 410 1112 XOR
2 1 283 411 1113 XOR
2 1 284 412 1114 XOR
2 1 285 413 1115 XOR
2 1 286 414 1116 XOR
2 1 287 415 1117 XOR
2 1 1085 1086 1118 AND
2 1 1085 1087 1119 AND
2 1 1085 1088 1120 AND
2 1 1085 1089 1121 AND
2 1 1085 1090 1122 AND
2 1 1085 1091 1123 AND
2 1 1085 1092 1124 AND
2 1 1085 1093 1125 AND
2 1 1085 1094 1126 AND
2 1 1085 1095 1127 AND
2 1 1085 1096 1128 AND
2 1 1085 1097 1129 AND
2 1 1085 1098 1130 AND
2 1 1085 1099 1131 AND
2 1 1085 1100 1132 AND
2 1 1085 1101 1133 AND
2 1 1085 1102 1134 AND
2 1 1085 1103 1135 AND
2 1 1085 1104 1136 AND
2 1 1085 1105 1137 AND
2 1 1085 1106 1138 AND
2 1 1085 1107 1139 AND
2 1 1085 1108 1140 AND
2 1 1085 1109 1141 AND
2 1 1085 1110 1142 AND
2 1 1085 1111 1143 AND
2 1 1085 1112 1144 AND
2 1 1085 1113 1145 AND
2 1 1085 1114 1146 AND
2 1 1085 1115 1147 AND
2 1 1085 1116 1148 AND
2 1 1085 1117 1149 AND
2 1 1118 384 1150 XOR
2 1 1119 385 1151 XOR
2 1 1120 386 1152 XOR
2 1 1121 387 1153 XOR
2 1 1122 388 1154 XOR
2 1 1123 389 1155 XOR
2 1 1124 390 1156 XOR
2 1 1125 391 1157 XOR
2 1 1126 392 1158 XOR
2 1 1127 393 1159 XOR
2 1 1128 394 1160 XOR
2 1 1129 395 1161 XOR
2 1 1130 396 1162 XOR
2 1 1131 397 1163 XOR
2 1 1132 398 1164 XOR
2 1 1133 399 1165 XOR
2 1 1134 400 1166 XOR
2 1 1135 401 1167 XOR
2 1 1136 402 1168 XOR
2 1 1137 403 1169 XOR
2 1 1138 404 1170 XOR
2 1 1139 405 1171 XOR
2 1 1140 406 1172 XOR
2 1 1141 407 1173 XOR
2 1 1142 408 1174 XOR
2 1 1143 409 1175 XOR
2 1 1144 410 1176 XOR
2 1 1145 411 1177 XOR
2 1 1146 412 1178 XOR
2 1 1147 413 1179 XOR
2 1 1148 414 1180 XOR
2 1 1149 415 1181 XOR
2 1 128 1150 1182 XOR
2 1 129 1151 1183 XOR
2 1 130 1152 1184 XOR
2 1 131 1153 1185 XOR
2 1 132 1154 1186 XOR
2 1 133 1155 1187 XOR
2 1 134 1156 1188 XOR
2 1 135 1157 1189 XOR
2 1 136 1158 1190 XOR
2 1 137 1159 1191 XOR
2 1 138 1160 1192 XOR
2 1 139 1161 1193 XOR
2 1 140 1162 1194 XOR
2 1 141 1163 1195 XOR
2 1 142 1164 1196 XOR
2 1 143 1165 1197 XOR
2 1 144 1166 1198 XOR
2 1 145 1167 1199 XOR
2 1 146 1168 1200 XOR
2 1 147 1169 1201 XOR
2 1 148 1170 1202 XOR
2 1 149 1171 1203 XOR
2 1 150 1172 1204 XOR
2 1 151 1173 1205 XOR
2 1 152 1174 1206 XOR
2 1 153 1175 1207 XOR
2 1 154 1176 1208 XOR
2 1 155 1177 1209 XOR
2 1 156 1178 1210 XOR
2 1 157 1179 1211 XOR
2 1 158 1180 1212 XOR
2 1 159 1181 1213 XOR
2 1 990 1182 1214 AND
2 1 990 1183 1215 AND
2 1 990 1184 1216 AND
2 1 990 1185 1217 AND
2 1 990 1186 1218 AND
2 1 990 1187 1219 AND
2 1 990 1188 1220 AND
2 1 990 1189 1221 AND
2 1 990 1190 1222 AND
2 1 990 1191 1223 AND
2 1 990 1192 1224 AND
2 1 990 1193 1225 AND
2 1 990 1194 1226 AND
2 1 990 1195 1227 AND
2 1 990 1196 1228 AND
2 1 990 1197 1229 AND
2 1 990 1198 1230 AND
2 1 990 1199 1231 AND
2 1 990 1200 1232 AND
2 1 990 1201 1233 AND
2 1 990 1202 1234 AND
2 1 990 1203 1235 AND
2 1 990 1204 1236 AND
2 1 990 1205 1237 AND
2 1 990 1206 1238 AND
2 1 990 1207 1239 AND
2 1 990 1208 1240 AND
2 1 990 1209 1241 AND
2 1 990 1210 1242 AND
2 1 990 1211 1243 AND
2 1 990 1212 1244 AND
2 1 990 1213 1245 AND
2 1 1214 1150 1246 XOR
2 1 1215 1151 1247 XOR
2 1 1216 1152 1248 XOR
2 1 1217 1153 1249 XOR
2 1 1218 1154 1250 XOR
2 1 1219 1155 1251 XOR
2 1 1220 1156 1252 XOR
2 1 1221 1157 1253 XOR
2 1 1222 1158 1254 XOR
2 1 1223 1159 1255 XOR
2 1 1224 1160 1256 XOR
2 1 1225 1161 1257 XOR
2 1 1226 1162 1258 XOR
2 1 1227 1163 1259 XOR
2 1 1228 1164 1260 XOR
2 1 1229 1165 1261 XOR
2 1 1230 1166 1262 XOR
2 1 1231 1167 1263 XOR
2 1 1232 1168 1264 XOR
2 1 1233 1169 1265 XOR
2 1 1234 1170 1266 XOR
2 1 1235 1171 1267 XOR
2 1 1236 1172 1268 XOR
2 1 1237 1173 1269 XOR
2 1 1238 1174 1270 XOR
2 1 1239 1175 1271 XOR
2 1 1240 1176 1272 XOR
2 1 1241 1177 1273 XOR
2 1 1242 1178 1274 XOR
2 1 1243 1179 1275 XOR
2 1 1244 1180 1276 XOR
2 1 1245 1181 1277 XOR
2 1 990 1085 1278 XOR
