385 768
2 128 128
2 128 128

2 1 0 128 256 XOR
2 1 1 129 257 XOR
2 1 2 130 258 XOR
2 1 3 131 259 XOR
2 1 4 132 260 XOR
2 1 5 133 261 XOR
2 1 6 134 262 XOR
2 1 7 135 263 XOR
2 1 8 136 264 XOR
2 1 9 137 265 XOR
2 1 10 138 266 XOR
2 1 11 139 267 XOR
2 1 12 140 268 XOR
2 1 13 141 269 XOR
2 1 14 142 270 XOR
2 1 15 143 271 XOR
2 1 16 144 272 XOR
2 1 17 145 273 XOR
2 1 18 146 274 XOR
2 1 19 147 275 XOR
2 1 20 148 276 XOR
2 1 21 149 277 XOR
2 1 22 150 278 XOR
2 1 23 151 279 XOR
2 1 24 152 280 XOR
2 1 25 153 281 XOR
2 1 26 154 282 XOR
2 1 27 155 283 XOR
2 1 28 156 284 XOR
2 1 29 157 285 XOR
2 1 30 158 286 XOR
2 1 31 159 287 XOR
2 1 32 160 288 XOR
2 1 33 161 289 XOR
2 1 34 162 290 XOR
2 1 35 163 291 XOR
2 1 36 164 292 XOR
2 1 37 165 293 XOR
2 1 38 166 294 XOR
2 1 39 167 295 XOR
2 1 40 168 296 XOR
2 1 41 169 297 XOR
2 1 42 170 298 XOR
2 1 43 171 299 XOR
2 1 44 172 300 XOR
2 1 45 173 301 XOR
2 1 46 174 302 XOR
2 1 47 175 303 XOR
2 1 48 176 304 XOR
2 1 49 177 305 XOR
2 1 50 178 306 XOR
2 1 51 179 307 XOR
2 1 52 180 308 XOR
2 1 53 181 309 XOR
2 1 54 182 310 XOR
2 1 55 183 311 XOR
2 1 56 184 312 XOR
2 1 57 185 313 XOR
2 1 58 186 314 XOR
2 1 59 187 315 XOR
2 1 60 188 316 XOR
2 1 61 189 317 XOR
2 1 62 190 318 XOR
2 1 63 191 319 XOR
2 1 64 192 320 XOR
2 1 65 193 321 XOR
2 1 66 194 322 XOR
2 1 67 195 323 XOR
2 1 68 196 324 XOR
2 1 69 197 325 XOR
2 1 70 198 326 XOR
2 1 71 199 327 XOR
2 1 72 200 328 XOR
2 1 73 201 329 XOR
2 1 74 202 330 XOR
2 1 75 203 331 XOR
2 1 76 204 332 XOR
2 1 77 205 333 XOR
2 1 78 206 334 XOR
2 1 79 207 335 XOR
2 1 80 208 336 XOR
2 1 81 209 337 XOR
2 1 82 210 338 XOR
2 1 83 211 339 XOR
2 1 84 212 340 XOR
2 1 85 213 341 XOR
2 1 86 214 342 XOR
2 1 87 215 343 XOR
2 1 88 216 344 XOR
2 1 89 217 345 XOR
2 1 90 218 346 XOR
2 1 91 219 347 XOR
2 1 92 220 348 XOR
2 1 93 221 349 XOR
2 1 94 222 350 XOR
2 1 95 223 351 XOR
2 1 96 224 352 XOR
2 1 97 225 353 XOR
2 1 98 226 354 XOR
2 1 99 227 355 XOR
2 1 100 228 356 XOR
2 1 101 229 357 XOR
2 1 102 230 358 XOR
2 1 103 231 359 XOR
2 1 104 232 360 XOR
2 1 105 233 361 XOR
2 1 106 234 362 XOR
2 1 107 235 363 XOR
2 1 108 236 364 XOR
2 1 109 237 365 XOR
2 1 110 238 366 XOR
2 1 111 239 367 XOR
2 1 112 240 368 XOR
2 1 113 241 369 XOR
2 1 114 242 370 XOR
2 1 115 243 371 XOR
2 1 116 244 372 XOR
2 1 117 245 373 XOR
2 1 118 246 374 XOR
2 1 119 247 375 XOR
2 1 120 248 376 XOR
2 1 121 249 377 XOR
2 1 122 250 378 XOR
2 1 123 251 379 XOR
2 1 124 252 380 XOR
2 1 125 253 381 XOR
2 1 126 254 382 XOR
2 1 127 255 383 XOR
256 128 256 257 258 259 260 261 262 263 264 265 266 267 268 269 270 271 272 273 274 275 276 277 278 279 280 281 282 283 284 285 286 287 288 289 290 291 292 293 294 295 296 297 298 299 300 301 302 303 304 305 306 307 308 309 310 311 312 313 314 315 316 317 318 319 320 321 322 323 324 325 326 327 328 329 330 331 332 333 334 335 336 337 338 339 340 341 342 343 344 345 346 347 348 349 350 351 352 353 354 355 356 357 358 359 360 361 362 363 364 365 366 367 368 369 370 371 372 373 374 375 376 377 378 379 380 381 382 383 0 0 0 0 0 0 0 0 0 0 0 0 0 0 0 0 0 0 0 0 0 0 0 0 0 0 0 0 0 0 0 0 0 0 0 0 0 0 0 0 0 0 0 0 0 0 0 0 0 0 0 0 0 0 0 0 0 0 0 0 0 0 0 0 0 0 0 0 0 0 0 0 0 0 0 0 0 0 0 0 0 0 0 0 0 0 0 0 0 0 0 0 0 0 0 0 0 0 0 0 0 0 0 0 0 0 0 0 0 0 0 0 0 0 0 0 0 0 0 0 0 0 0 0 0 0 0 0 384 385 386 387 388 389 390 391 392 393 394 395 396 397 398 399 400 401 402 403 404 405 406 407 408 409 410 411 412 413 414 415 416 417 418 419 420 421 422 423 424 425 426 427 428 429 430 431 432 433 434 435 436 437 438 439 440 441 442 443 444 445 446 447 448 449 450 451 452 453 454 455 456 457 458 459 460 461 462 463 464 465 466 467 468 469 470 471 472 473 474 475 476 477 478 479 480 481 482 483 484 485 486 487 488 489 490 491 492 493 494 495 496 497 498 499 500 501 502 503 504 505 506 507 508 509 510 511 MAND
2 1 0 384 512 XOR
2 1 1 385 513 XOR
2 1 2 386 514 XOR
2 1 3 387 515 XOR
2 1 4 388 516 XOR
2 1 5 389 517 XOR
2 1 6 390 518 XOR
2 1 7 391 519 XOR
2 1 8 392 520 XOR
2 1 9 393 521 XOR
2 1 10 394 522 XOR
2 1 11 395 523 XOR
2 1 12 396 524 XOR
2 1 13 397 525 XOR
2 1 14 398 526 XOR
2 1 15 399 527 XOR
2 1 16 400 528 XOR
2 1 17 401 529 XOR
2 1 18 402 530 XOR
2 1 19 403 531 XOR
2 1 20 404 532 XOR
2 1 21 405 533 XOR
2 1 22 406 534 XOR
2 1 23 407 535 XOR
2 1 24 408 536 XOR
2 1 25 409 537 XOR
2 1 26 410 538 XOR
2 1 27 411 539 XOR
2 1 28 412 540 XOR
2 1 29 413 541 XOR
2 1 30 414 542 XOR
2 1 31 415 543 XOR
2 1 32 416 544 XOR
2 1 33 417 545 XOR
2 1 34 418 546 XOR
2 1 35 419 547 XOR
2 1 36 420 548 XOR
2 1 37 421 549 XOR
2 1 38 422 550 XOR
2 1 39 423 551 XOR
2 1 40 424 552 XOR
2 1 41 425 553 XOR
2 1 42 426 554 XOR
2 1 43 427 555 XOR
2 1 44 428 556 XOR
2 1 45 429 557 XOR
2 1 46 430 558 XOR
2 1 47 431 559 XOR
2 1 48 432 560 XOR
2 1 49 433 561 XOR
2 1 50 434 562 XOR
2 1 51 435 563 XOR
2 1 52 436 564 XOR
2 1 53 437 565 XOR
2 1 54 438 566 XOR
2 1 55 439 567 XOR
2 1 56 440 568 XOR
2 1 57 441 569 XOR
2 1 58 442 570 XOR
2 1 59 443 571 XOR
2 1 60 444 572 XOR
2 1 61 445 573 XOR
2 1 62 446 574 XOR
2 1 63 447 575 XOR
2 1 64 448 576 XOR
2 1 65 449 577 XOR
2 1 66 450 578 XOR
2 1 67 451 579 XOR
2 1 68 452 580 XOR
2 1 69 453 581 XOR
2 1 70 454 582 XOR
2 1 71 455 583 XOR
2 1 72 456 584 XOR
2 1 73 457 585 XOR
2 1 74 458 586 XOR
2 1 75 459 587 XOR
2 1 76 460 588 XOR
2 1 77 461 589 XOR
2 1 78 462 590 XOR
2 1 79 463 591 XOR
2 1 80 464 592 XOR
2 1 81 465 593 XOR
2 1 82 466 594 XOR
2 1 83 467 595 XOR
2 1 84 468 596 XOR
2 1 85 469 597 XOR
2 1 86 470 598 XOR
2 1 87 471 599 XOR
2 1 88 472 600 XOR
2 1 89 473 601 XOR
2 1 90 474 602 XOR
2 1 91 475 603 XOR
2 1 92 476 604 XOR
2 1 93 477 605 XOR
2 1 94 478 606 XOR
2 1 95 479 607 XOR
2 1 96 480 608 XOR
2 1 97 481 609 XOR
2 1 98 482 610 XOR
2 1 99 483 611 XOR
2 1 100 484 612 XOR
2 1 101 485 613 XOR
2 1 102 486 614 XOR
2 1 103 487 615 XOR
2 1 104 488 616 XOR
2 1 105 489 617 XOR
2 1 106 490 618 XOR
2 1 107 491 619 XOR
2 1 108 492 620 XOR
2 1 109 493 621 XOR
2 1 110 494 622 XOR
2 1 111 495 623 XOR
2 1 112 496 624 XOR
2 1 113 497 625 XOR
2 1 114 498 626 XOR
2 1 115 499 627 XOR
2 1 116 500 628 XOR
2 1 117 501 629 XOR
2 1 118 502 630 XOR
2 1 119 503 631 XOR
2 1 120 504 632 XOR
2 1 121 505 633 XOR
2 1 122 506 634 XOR
2 1 123 507 635 XOR
2 1 124 508 636 XOR
2 1 125 509 637 XOR
2 1 126 510 638 XOR
2 1 127 511 639 XOR
2 1 128 384 640 XOR
2 1 129 385 641 XOR
2 1 130 386 642 XOR
2 1 131 387 643 XOR
2 1 132 388 644 XOR
2 1 133 389 645 XOR
2 1 134 390 646 XOR
2 1 135 391 647 XOR
2 1 136 392 648 XOR
2 1 137 393 649 XOR
2 1 138 394 650 XOR
2 1 139 395 651 XOR
2 1 140 396 652 XOR
2 1 141 397 653 XOR
2 1 142 398 654 XOR
2 1 143 399 655 XOR
2 1 144 400 656 XOR
2 1 145 401 657 XOR
2 1 146 402 658 XOR
2 1 147 403 659 XOR
2 1 148 404 660 XOR
2 1 149 405 661 XOR
2 1 150 406 662 XOR
2 1 151 407 663 XOR
2 1 152 408 664 XOR
2 1 153 409 665 XOR
2 1 154 410 666 XOR
2 1 155 411 667 XOR
2 1 156 412 668 XOR
2 1 157 413 669 XOR
2 1 158 414 670 XOR
2 1 159 415 671 XOR
2 1 160 416 672 XOR
2 1 161 417 673 XOR
2 1 162 418 674 XOR
2 1 163 419 675 XOR
2 1 164 420 676 XOR
2 1 165 421 677 XOR
2 1 166 422 678 XOR
2 1 167 423 679 XOR
2 1 168 424 680 XOR
2 1 169 425 681 XOR
2 1 170 426 682 XOR
2 1 171 427 683 XOR
2 1 172 428 684 XOR
2 1 173 429 685 XOR
2 1 174 430 686 XOR
2 1 175 431 687 XOR
2 1 176 432 688 XOR
2 1 177 433 689 XOR
2 1 178 434 690 XOR
2 1 179 435 691 XOR
2 1 180 436 692 XOR
2 1 181 437 693 XOR
2 1 182 438 694 XOR
2 1 183 439 695 XOR
2 1 184 440 696 XOR
2 1 185 441 697 XOR
2 1 186 442 698 XOR
2 1 187 443 699 XOR
2 1 188 444 700 XOR
2 1 189 445 701 XOR
2 1 190 446 702 XOR
2 1 191 447 703 XOR
2 1 192 448 704 XOR
2 1 193 449 705 XOR
2 1 194 450 706 XOR
2 1 195 451 707 XOR
2 1 196 452 708 XOR
2 1 197 453 709 XOR
2 1 198 454 710 XOR
2 1 199 455 711 XOR
2 1 200 456 712 XOR
2 1 201 457 713 XOR
2 1 202 458 714 XOR
2 1 203 459 715 XOR
2 1 204 460 716 XOR
2 1 205 461 717 XOR
2 1 206 462 718 XOR
2 1 207 463 719 XOR
2 1 208 464 720 XOR
2 1 209 465 721 XOR
2 1 210 466 722 XOR
2 1 211 467 723 XOR
2 1 212 468 724 XOR
2 1 213 469 725 XOR
2 1 214 470 726 XOR
2 1 215 471 727 XOR
2 1 216 472 728 XOR
2 1 217 473 729 XOR
2 1 218 474 730 XOR
2 1 219 475 731 XOR
2 1 220 476 732 XOR
2 1 221 477 733 XOR
2 1 222 478 734 XOR
2 1 223 479 735 XOR
2 1 224 480 736 XOR
2 1 225 481 737 XOR
2 1 226 482 738 XOR
2 1 227 483 739 XOR
2 1 228 484 740 XOR
2 1 229 485 741 XOR
2 1 230 486 742 XOR
2 1 231 487 743 XOR
2 1 232 488 744 XOR
2 1 233 489 745 XOR
2 1 234 490 746 XOR
2 1 235 491 747 XOR
2 1 236 492 748 XOR
2 1 237 493 749 XOR
2 1 238 494 750 XOR
2 1 239 495 751 XOR
2 1 240 496 752 XOR
2 1 241 497 753 XOR
2 1 242 498 754 XOR
2 1 243 499 755 XOR
2 1 244 500 756 XOR
2 1 245 501 757 XOR
2 1 246 502 758 XOR
2 1 247 503 759 XOR
2 1 248 504 760 XOR
2 1 249 505 761 XOR
2 1 250 506 762 XOR
2 1 251 507 763 XOR
2 1 252 508 764 XOR
2 1 253 509 765 XOR
2 1 254 510 766 XOR
2 1 255 511 767 XOR
