71 351
1 128
1 128

2 1 0 32 128 XOR
2 1 1 33 129 XOR
2 1 2 34 130 XOR
2 1 3 35 131 XOR
2 1 4 36 132 XOR
2 1 5 37 133 XOR
2 1 6 38 134 XOR
2 1 7 39 135 XOR
2 1 8 40 136 XOR
2 1 9 41 137 XOR
2 1 10 42 138 XOR
2 1 11 43 139 XOR
2 1 12 44 140 XOR
2 1 13 45 141 XOR
2 1 14 46 142 XOR
2 1 15 47 143 XOR
2 1 16 48 144 XOR
2 1 17 49 145 XOR
2 1 18 50 146 XOR
2 1 19 51 147 XOR
2 1 20 52 148 XOR
2 1 21 53 149 XOR
2 1 22 54 150 XOR
2 1 23 55 151 XOR
2 1 24 56 152 XOR
2 1 25 57 153 XOR
2 1 26 58 154 XOR
2 1 27 59 155 XOR
2 1 28 60 156 XOR
2 1 29 61 157 XOR
2 1 30 62 158 XOR
2 1 31 63 159 XOR
1 1 128 160 INV
1 1 129 161 INV
1 1 130 162 INV
1 1 131 163 INV
1 1 132 164 INV
1 1 133 165 INV
1 1 134 166 INV
1 1 135 167 INV
1 1 136 168 INV
1 1 137 169 INV
1 1 138 170 INV
1 1 139 171 INV
1 1 140 172 INV
1 1 141 173 INV
1 1 142 174 INV
1 1 143 175 INV
1 1 144 176 INV
1 1 145 177 INV
1 1 146 178 INV
1 1 147 179 INV
1 1 148 180 INV
1 1 149 181 INV
1 1 150 182 INV
1 1 151 183 INV
1 1 152 184 INV
1 1 153 185 INV
1 1 154 186 INV
1 1 155 187 INV
1 1 156 188 INV
1 1 157 189 INV
1 1 158 190 INV
1 1 159 191 INV
32 16 160 161 162 163 164 165 166 167 168 169 170 171 172 173 174 175 176 177 178 179 180 181 182 183 184 185 186 187 188 189 190 191 192 193 194 195 196 197 198 199 200 201 202 203 204 205 206 207 MAND
16 8 192 193 194 195 196 197 198 199 200 201 202 203 204 205 206 207 208 209 210 211 212 213 214 215 MAND
8 4 208 209 210 211 212 213 214 215 216 217 218 219 MAND
4 2 216 217 218 219 220 221 MAND
2 1 220 221 222 MAND
192 96 32 33 34 35 36 37 38 39 40 41 42 43 44 45 46 47 48 49 50 51 52 53 54 55 56 57 58 59 60 61 62 63 64 65 66 67 68 69 70 71 72 73 74 75 76 77 78 79 80 81 82 83 84 85 86 87 88 89 90 91 92 93 94 95 96 97 98 99 100 101 102 103 104 105 106 107 108 109 110 111 112 113 114 115 116 117 118 119 120 121 122 123 124 125 126 127 222 222 222 222 222 222 222 222 222 222 222 222 222 222 222 222 222 222 222 222 222 222 222 222 222 222 222 222 222 222 222 222 222 222 222 222 222 222 222 222 222 222 222 222 222 222 222 222 222 222 222 222 222 222 222 222 222 222 222 222 222 222 222 222 222 222 222 222 222 222 222 222 222 222 222 222 222 222 222 222 222 222 222 222 222 222 222 222 222 222 222 222 222 222 222 222 223 224 225 226 227 228 229 230 231 232 233 234 235 236 237 238 239 240 241 242 243 244 245 246 247 248 249 250 251 252 253 254 255 256 257 258 259 260 261 262 263 264 265 266 267 268 269 270 271 272 273 274 275 276 277 278 279 280 281 282 283 284 285 286 287 288 289 290 291 292 293 294 295 296 297 298 299 300 301 302 303 304 305 306 307 308 309 310 311 312 313 314 315 316 317 318 MAND
1 1 222 319 EQW
